
grupo A
RF + Quantile GBT:
MAE =  5.245309734513274
RMSE =  9.261384861753783
BIAS =  0.28265486725663713
COR =  0.7110196654871421
MAPE =  0.359955751593673

GPR:
MAE =  5.35042634517743
RMSE =  9.277606529943027
BIAS =  0.20840791486572297
COR =  0.7111491524419982
MAPE =  0.3586398204673306

grupo B
RF + Quantile GBT:
MAE =  4.14280701754386
RMSE =  6.278711036566483
BIAS =  -1.6285964912280704
COR =  0.8688324087089752
MAPE =  0.9444049730404012

GPR:
MAE =  4.054204247025197
RMSE =  5.990782502660461
BIAS =  -1.4146452120358395
COR =  0.8700213446947571
MAPE =  0.9932607292100777
